255 255 255 255 255 255 255 255 255 255 255 255 255 255 255 255
255   0 255 255 255   0 255   0   0 255   0 255 255 255   0 255
255 255   0   0 255   0   0   0   0   0   0 255   0   0 255 255
255 255   0   0 255   0 255 255 255   0   0 255   0   0 255 255
255 255 255 255 255   0 255 255 255   0   0 255 255 255 255 255
255   0   0   0   0 255   0 255 255   0 255   0   0   0   0 255
255   0   0   0   0   0   0   0   0 255   0 255 255   0 255 255
255 255   0   0 255 255 255   0 255 255   0   0 255 255 255 255
255 255 255   0   0 255 255   0 255 255   0 255   0 255   0 255
255 255 255 255   0   0 255 255 255   0   0   0 255 255 255 255
255   0   0   0   0 255   0 255   0 255   0 255   0   0   0 255
255 255 255 255 255   0   0   0   0   0 255 255   0 255 255 255
255 255   0   0 255   0   0  40   0 255   0   0   0 255   0 255
255 255   0   0 255   0   0 255 255   0 255 255   0   0 255 255
255   0 255 255 255   0   0   0 255 255   0   0   0 255   0 255
255 255 255 255 255 255 255 255 255 255 255 255 255 255 255 255
255 255 255 255 255 255 255 255 255 255 255 255 255 255 255 255
255   0 255 255 255   0 255   0   0 255   0 255 255 255   0 255
255 255   0   0 255   0   0   0   0   0   0 255   0   0 255 255
255 255   0   0 255   0 255 255 255   0   0 255   0   0 255 255
255 255 255 255 255   0 255 255 255   0   0 255 255 255 255 255
255   0   0   0   0 255   0 255 255   0 255   0   0   0   0 255
255   0   0   0   0   0   0   0   0 255   0 255 255   0 255 255
255 255   0   0 255 255 255   0 255 255   0   0 255 255 255 255
255 255 255   0   0 255 255   0 255 255   0 255   0 255   0 255
255 255 255 255   0   0 255 255 255   0   0   0 255 255 255 255
255   0   0   0   0 255   0 255   0 255   0 255   0   0   0 255
255 255 255 255 255   0   0   0   0   0 255 255   0 255 255 255
255 255   0   0 255   0   0  40   0 255   0   0   0 255   0 255
255 255   0   0 255   0   0 255 255   0 255 255   0   0 255 255
255   0 255 255 255   0   0   0 255 255   0   0   0 255   0 255
255 255 255 255 255 255 255 255 255 255 255 255 255 255 255 255
255 255 255 255 255 255 255 255 255 255 255 255 255 255 255 255
255   0 255 255 255   0 255   0   0 255   0 255 255 255   0 255
255 255   0   0 255   0   0   0   0   0   0 255   0   0 255 255
255 255   0   0 255   0 255 255 255   0   0 255   0   0 255 255
255 255 255 255 255   0 255 255 255   0   0 255 255 255 255 255
255   0   0   0   0 255   0 255 255   0 255   0   0   0   0 255
255   0   0   0   0   0   0   0   0 255   0 255 255   0 255 255
255 255   0   0 255 255 255   0 255 255   0   0 255 255 255 255
255 255 255   0   0 255 255   0 255 255   0 255   0 255   0 255
255 255 255 255   0   0 255 255 255   0   0   0 255 255 255 255
255   0   0   0   0 255   0 255   0 255   0 255   0   0   0 255
255 255 255 255 255   0   0   0   0   0 255 255   0 255 255 255
255 255   0   0 255   0   0  40   0 255   0   0   0 255   0 255
255 255   0   0 255   0   0 255 255   0 255 255   0   0 255 255
255   0 255 255 255   0   0   0 255 255   0   0   0 255   0 255
255 255 255 255 255 255 255 255 255 255 255 255 255 255 255 255

178 119 119 120 124 199 209 156 179 194 123 109 138 184 185 170
119 150 146 156 121 163 198 128 119 151  97 101 118 135 127 148
119 146  45  69 113 162 197 186 176 185 175 167 143 122 125 171
120 156  69  91 121 172 214 180 142 128 110 124 109  64  80 200
124 121 113 121 102 155 151 142 137  93 112 131  78  91  94 181
182 157 159 149 134 160 138 161 174 132  99  85  90 166 165 189
155 123 125 143 138 112 143 183 195 163 105  65 120 193 200 200
149  70 109 143 157 110 112 138 153 172 131  84  97 133 155 220
178  80 113 177 187 112  72  70 108 172 152  92  90  96  89 207
206 142 132 204 196 112  78  80 119 170 144 113 132 141  99 184
199 163 162 172 155 152 133 126 127 140 155 134 148 155 136 177
124 121 113 121 102 134 127 123 103 112 139 102 121 113 121 124
120 156  69  91 121 148 104  74  85 125 161 121  91  69 156 120
119 146  45  69 113 155 114 114 149 160 159 113  69  45 146 119
119 150 146 156 121 136 106 105 177 217 166 121 156 146 150 119
178 119 119 120 124 177 147 123 165 201 182 124 120 119 119 178
178 119 119 120 124 199 209 156 179 194 123 109 138 184 185 170
119 150 146 156 121 163 198 128 119 151  97 101 118 135 127 148
119 146  45  69 113 162 197 186 176 185 175 167 143 122 125 171
120 156  69  91 121 172 214 180 142 128 110 124 109  64  80 200
124 121 113 121 102 155 151 142 137  93 112 131  78  91  94 181
182 157 159 149 134 160 138 161 174 132  99  85  90 166 165 189
155 123 125 143 138 112 143 183 195 163 105  65 120 193 200 200
149  70 109 143 157 110 112 138 153 172 131  84  97 133 155 220
178  80 113 177 187 112  72  70 108 172 152  92  90  96  89 207
206 142 132 204 196 112  78  80 119 170 144 113 132 141  99 184
199 163 162 172 155 152 133 126 127 140 155 134 148 155 136 177
124 121 113 121 102 134 127 123 103 112 139 102 121 113 121 124
120 156  69  91 121 148 104  74  85 125 161 121  91  69 156 120
119 146  45  69 113 155 114 114 149 160 159 113  69  45 146 119
119 150 146 156 121 136 106 105 177 217 166 121 156 146 150 119
178 119 119 120 124 177 147 123 165 201 182 124 120 119 119 178
178 119 119 120 124 199 209 156 179 194 123 109 138 184 185 170
119 150 146 156 121 163 198 128 119 151  97 101 118 135 127 148
119 146  45  69 113 162 197 186 176 185 175 167 143 122 125 171
120 156  69  91 121 172 214 180 142 128 110 124 109  64  80 200
124 121 113 121 102 155 151 142 137  93 112 131  78  91  94 181
182 157 159 149 134 160 138 161 174 132  99  85  90 166 165 189
155 123 125 143 138 112 143 183 195 163 105  65 120 193 200 200
149  70 109 143 157 110 112 138 153 172 131  84  97 133 155 220
178  80 113 177 187 112  72  70 108 172 152  92  90  96  89 207
206 142 132 204 196 112  78  80 119 170 144 113 132 141  99 184
199 163 162 172 155 152 133 126 127 140 155 134 148 155 136 177
124 121 113 121 102 134 127 123 103 112 139 102 121 113 121 124
120 156  69  91 121 148 104  74  85 125 161 121  91  69 156 120
119 146  45  69 113 155 114 114 149 160 159 113  69  45 146 119
119 150 146 156 121 136 106 105 177 217 166 121 156 146 150 119
178 119 119 120 124 177 147 123 165 201 182 124 120 119 119 178

170 148 171 200 181 189 200 220 207 184 177 124 120 119 119 178
185 127 125  80  94 165 200 155  89  99 136 121 156 146 150 119
184 135 122  64  91 166 193 133  96 141 155 113  69  45 146 119
138 118 143 109  78  90 120  97  90 132 148 121  91  69 156 120
109 101 167 124 131  85  65  84  92 113 134 102 121 113 121 124
123  97 175 110 112  99 105 131 152 144 155 139 161 159 166 182
194 151 185 128  93 132 163 172 172 170 140 112 125 160 217 201
179 119 176 142 137 174 195 153 108 119 127 103  85 149 177 165
156 128 186 180 142 161 183 138  70  80 126 123  74 114 105 123
209 198 197 214 151 138 143 112  72  78 133 127 104 114 106 147
199 163 162 172 155 160 112 110 112 112 152 134 148 155 136 177
124 121 113 121 102 134 138 157 187 196 155 102 121 113 121 124
120 156  69  91 121 149 143 143 177 204 172 121  91  69 156 120
119 146  45  69 113 159 125 109 113 132 162 113  69  45 146 119
119 150 146 156 121 157 123  70  80 142 163 121 156 146 150 119
178 119 119 120 124 182 155 149 178 206 199 124 120 119 119 178
170 148 171 200 181 189 200 220 207 184 177 124 120 119 119 178
185 127 125  80  94 165 200 155  89  99 136 121 156 146 150 119
184 135 122  64  91 166 193 133  96 141 155 113  69  45 146 119
138 118 143 109  78  90 120  97  90 132 148 121  91  69 156 120
109 101 167 124 131  85  65  84  92 113 134 102 121 113 121 124
123  97 175 110 112  99 105 131 152 144 155 139 161 159 166 182
194 151 185 128  93 132 163 172 172 170 140 112 125 160 217 201
179 119 176 142 137 174 195 153 108 119 127 103  85 149 177 165
156 128 186 180 142 161 183 138  70  80 126 123  74 114 105 123
209 198 197 214 151 138 143 112  72  78 133 127 104 114 106 147
199 163 162 172 155 160 112 110 112 112 152 134 148 155 136 177
124 121 113 121 102 134 138 157 187 196 155 102 121 113 121 124
120 156  69  91 121 149 143 143 177 204 172 121  91  69 156 120
119 146  45  69 113 159 125 109 113 132 162 113  69  45 146 119
119 150 146 156 121 157 123  70  80 142 163 121 156 146 150 119
178 119 119 120 124 182 155 149 178 206 199 124 120 119 119 178
170 148 171 200 181 189 200 220 207 184 177 124 120 119 119 178
185 127 125  80  94 165 200 155  89  99 136 121 156 146 150 119
184 135 122  64  91 166 193 133  96 141 155 113  69  45 146 119
138 118 143 109  78  90 120  97  90 132 148 121  91  69 156 120
109 101 167 124 131  85  65  84  92 113 134 102 121 113 121 124
123  97 175 110 112  99 105 131 152 144 155 139 161 159 166 182
194 151 185 128  93 132 163 172 172 170 140 112 125 160 217 201
179 119 176 142 137 174 195 153 108 119 127 103  85 149 177 165
156 128 186 180 142 161 183 138  70  80 126 123  74 114 105 123
209 198 197 214 151 138 143 112  72  78 133 127 104 114 106 147
199 163 162 172 155 160 112 110 112 112 152 134 148 155 136 177
124 121 113 121 102 134 138 157 187 196 155 102 121 113 121 124
120 156  69  91 121 149 143 143 177 204 172 121  91  69 156 120
119 146  45  69 113 159 125 109 113 132 162 113  69  45 146 119
119 150 146 156 121 157 123  70  80 142 163 121 156 146 150 119
178 119 119 120 124 182 155 149 178 206 199 124 120 119 119 178

178 119 119 120 124 182 201 165 123 147 177 124 120 119 119 178
119 150 146 156 121 166 217 177 105 106 136 121 156 146 150 119
119 146  45  69 113 159 160 149 114 114 155 113  69  45 146 119
120 156  69  91 121 161 125  85  74 104 148 121  91  69 156 120
124 121 113 121 102 139 112 103 123 127 134 102 121 113 121 124
177 136 155 148 134 155 140 127 126 133 152 155 172 162 163 199
184  99 141 132 113 144 170 119  80  78 112 196 204 132 142 206
207  89  96  90  92 152 172 108  70  72 112 187 177 113  80 178
220 155 133  97  84 131 172 153 138 112 110 157 143 109  70 149
200 200 193 120  65 105 163 195 183 143 112 138 143 125 123 155
189 165 166  90  85  99 132 174 161 138 160 134 149 159 157 182
181  94  91  78 131 112  93 137 142 151 155 102 121 113 121 124
200  80  64 109 124 110 128 142 180 214 172 121  91  69 156 120
171 125 122 143 167 175 185 176 186 197 162 113  69  45 146 119
148 127 135 118 101  97 151 119 128 198 163 121 156 146 150 119
170 185 184 138 109 123 194 179 156 209 199 124 120 119 119 178
178 119 119 120 124 182 201 165 123 147 177 124 120 119 119 178
119 150 146 156 121 166 217 177 105 106 136 121 156 146 150 119
119 146  45  69 113 159 160 149 114 114 155 113  69  45 146 119
120 156  69  91 121 161 125  85  74 104 148 121  91  69 156 120
124 121 113 121 102 139 112 103 123 127 134 102 121 113 121 124
177 136 155 148 134 155 140 127 126 133 152 155 172 162 163 199
184  99 141 132 113 144 170 119  80  78 112 196 204 132 142 206
207  89  96  90  92 152 172 108  70  72 112 187 177 113  80 178
220 155 133  97  84 131 172 153 138 112 110 157 143 109  70 149
200 200 193 120  65 105 163 195 183 143 112 138 143 125 123 155
189 165 166  90  85  99 132 174 161 138 160 134 149 159 157 182
181  94  91  78 131 112  93 137 142 151 155 102 121 113 121 124
200  80  64 109 124 110 128 142 180 214 172 121  91  69 156 120
171 125 122 143 167 175 185 176 186 197 162 113  69  45 146 119
148 127 135 118 101  97 151 119 128 198 163 121 156 146 150 119
170 185 184 138 109 123 194 179 156 209 199 124 120 119 119 178
178 119 119 120 124 182 201 165 123 147 177 124 120 119 119 178
119 150 146 156 121 166 217 177 105 106 136 121 156 146 150 119
119 146  45  69 113 159 160 149 114 114 155 113  69  45 146 119
120 156  69  91 121 161 125  85  74 104 148 121  91  69 156 120
124 121 113 121 102 139 112 103 123 127 134 102 121 113 121 124
177 136 155 148 134 155 140 127 126 133 152 155 172 162 163 199
184  99 141 132 113 144 170 119  80  78 112 196 204 132 142 206
207  89  96  90  92 152 172 108  70  72 112 187 177 113  80 178
220 155 133  97  84 131 172 153 138 112 110 157 143 109  70 149
200 200 193 120  65 105 163 195 183 143 112 138 143 125 123 155
189 165 166  90  85  99 132 174 161 138 160 134 149 159 157 182
181  94  91  78 131 112  93 137 142 151 155 102 121 113 121 124
200  80  64 109 124 110 128 142 180 214 172 121  91  69 156 120
171 125 122 143 167 175 185 176 186 197 162 113  69  45 146 119
148 127 135 118 101  97 151 119 128 198 163 121 156 146 150 119
170 185 184 138 109 123 194 179 156 209 199 124 120 119 119 178
